  0 1 2 3 
0 0 41.621436 18.047724 30.021817 
1 41.621436 0.000000 36.185017 24.691644 
2 18.047724 36.185017 0.000000 23.839064 
3 30.021817 24.691644 23.839064 0.000000 



ESTRATEGIA DE DISTANCIA MINIMA
Clusteres Iniciales: 0 1 2 3 

  0 1 2 3 
0 0.000000 41.621436 18.047724 30.021817 
1 41.621436 0.000000 36.185017 24.691644 
2 18.047724 36.185017 0.000000 23.839064 
3 30.021817 24.691644 23.839064 0.000000 

Nivel K = 1
Clusteres más proximos 2 y 0 (18.047724)
Entonces quedaria: 02 1 3 
  02 1 3 
02 0.000000 36.185017 23.839064 
1 36.185017 0.000000 24.691644 
3 23.839064 24.691644 0.000000 

Nivel K = 2
Clusteres más proximos 02 y 3 (23.839064)
Entonces quedaria: 023 1 
  023 1 
023 0.000000 24.691644 
1 24.691644 0.000000 

Nivel K = 3
Clusteres más proximos 023 y 1 (24.691644)
Entonces quedaria: 0231 
  0231 
0231 0.000000 

print matrix cofenica - Estrategia distancia minima
  0 1 2 3 
0 0.000000 24.691644 18.047724 23.839064 
1 24.691644 0.000000 24.691644 24.691644 
2 18.047724 24.691644 0.000000 23.839064 
3 23.839064 24.691644 23.839064 0.000000 

ccc: 0.679025


ESTRATEGIA DE DISTANCIA MAXIMA
Clusteres Iniciales: 0 1 2 3 

  0 1 2 3 
0 0.000000 41.621436 18.047724 30.021817 
1 41.621436 0.000000 36.185017 24.691644 
2 18.047724 36.185017 0.000000 23.839064 
3 30.021817 24.691644 23.839064 0.000000 

Nivel K = 1
Clusteres más proximos 2 y 0 (18.047724)
Entonces quedaria: 02 1 3 
  02 1 3 
02 0.000000 41.621436 30.021817 
1 41.621436 0.000000 24.691644 
3 30.021817 24.691644 0.000000 

Nivel K = 2
Clusteres más proximos 3 y 1 (24.691644)
Entonces quedaria: 02 13 
  02 13 
02 0.000000 41.621436 
13 41.621436 0.000000 

Nivel K = 3
Clusteres más proximos 13 y 02 (41.621436)
Entonces quedaria: 0213 
  0213 
0213 0.000000 

print matrix cofenica - Estrategia distancia maxima
  0 1 2 3 
0 0.000000 41.621436 18.047724 41.621436 
1 41.621436 0.000000 41.621436 24.691644 
2 18.047724 41.621436 0.000000 41.621436 
3 41.621436 24.691644 41.621436 0.000000 

ccc: 0.720828


ESTRATEGIA DE DISTANCIA PONDERADA
Clusteres Iniciales: 0 1 2 3 

  0 1 2 3 
0 0.000000 41.621436 18.047724 30.021817 
1 41.621436 0.000000 36.185017 24.691644 
2 18.047724 36.185017 0.000000 23.839064 
3 30.021817 24.691644 23.839064 0.000000 

Nivel K = 1
Clusteres más proximos 2 y 0 (18.047724)
Entonces quedaria: 02 1 3 
  02 1 3 
02 0.000000 38.903227 26.930440 
1 38.903227 0.000000 24.691644 
3 26.930440 24.691644 0.000000 

Nivel K = 2
Clusteres más proximos 3 y 1 (24.691644)
Entonces quedaria: 02 13 
  02 13 
02 0.000000 32.916834 
13 32.916834 0.000000 

Nivel K = 3
Clusteres más proximos 13 y 02 (32.916834)
Entonces quedaria: 0213 
  0213 
0213 0.000000 

print matrix cofenica - Estrategia distancia ponderada
  0 1 2 3 
0 0.000000 32.916834 18.047724 32.916834 
1 32.916834 0.000000 32.916834 24.691644 
2 18.047724 32.916834 0.000000 32.916834 
3 32.916834 24.691644 32.916834 0.000000 

ccc: 0.728001


Indicando cual es la estrategia mejor
Estrategia Minima: 0.679025
Estrategia Maxima: 0.720828
Estrategia Ponderada: 0.728001

Estrategia mejor: Estrategia Ponderada con un ccc: 0.728001
