  0 1 10 11 12 13 14 15 16 17 18 19 2 20 21 22 23 24 3 4 5 6 7 8 9 
0 0 41.621436 29.334238 22.893482 32.690369 42.448918 27.189348 46.450165 47.218150 66.013294 32.195628 25.675252 18.047724 15.439033 39.722017 28.742797 22.030579 0.000000 30.021817 16.554823 38.047913 30.851679 49.379983 14.563109 24.848530 
1 41.621436 0.000000 18.465444 24.703846 33.539146 32.213563 20.493740 15.954397 19.156303 34.819854 24.790691 20.727531 36.185017 33.778222 14.264120 33.251174 30.353435 0.000000 24.691644 34.020496 14.332659 20.917730 43.214779 31.020545 26.108158 
10 29.334238 18.465444 0.000000 10.387561 17.558267 19.330544 8.961090 28.789788 26.874964 50.900427 11.312785 5.896250 23.634085 18.367636 14.083049 17.013759 14.373009 0.000000 8.500016 20.830363 24.508864 9.068033 36.095063 19.217288 10.342334 
11 22.893482 24.703846 10.387561 0.000000 20.305233 24.120915 13.176571 35.350279 27.862574 56.444247 12.203479 11.005102 20.186675 12.901536 23.551998 20.702621 11.660680 0.000000 9.910558 17.275019 27.946010 14.159531 40.163578 16.505921 6.449034 
12 32.690369 33.539146 17.558267 20.305233 0.000000 17.941590 16.932385 40.157842 39.459878 62.463870 14.361582 17.345279 25.417764 20.004977 23.739723 13.985636 12.989976 0.000000 12.757188 22.224754 37.256568 16.005144 42.156697 22.843906 15.634843 
13 42.448918 32.213563 19.330544 24.120915 17.941590 0.000000 23.839085 42.807043 35.569798 64.637755 17.071826 22.282908 34.084953 28.837183 24.908054 20.510373 23.630000 0.000000 16.365218 32.109701 41.657454 20.255644 34.813952 33.994612 21.006789 
14 27.189348 20.493740 8.961090 13.176571 16.932385 23.839085 0.000000 26.501404 29.805982 49.036852 12.948940 6.363470 19.207146 15.929019 14.997788 17.482562 11.334939 0.000000 12.011300 16.362440 21.851088 6.107261 40.619487 14.991482 11.834205 
15 46.450165 15.954397 28.789788 35.350279 40.157842 42.807043 26.501404 0.000000 32.249749 23.603647 35.288888 28.741118 41.084850 40.678226 19.701881 39.391362 37.332937 0.000000 35.150484 39.212873 12.379022 28.442434 50.431473 34.817442 35.966427 
16 47.218150 19.156303 26.874964 27.862574 39.459878 35.569798 29.805982 32.249749 0.000000 46.123421 26.240050 29.904652 42.258384 38.987677 29.010656 42.544815 35.250792 0.000000 28.258812 39.696971 27.257923 28.964831 52.457086 38.836908 28.994715 
17 66.013294 34.819854 50.900427 56.444247 62.463870 64.637755 49.036852 23.603647 46.123421 0.000000 56.892871 51.258910 61.760574 62.303962 41.589042 62.279761 59.674767 0.000000 57.013411 60.325105 29.321506 50.853216 67.954982 56.019331 57.964166 
18 32.195628 24.790691 11.312785 12.203479 14.361582 17.071826 12.948940 35.288888 26.240050 56.892871 0.000000 13.007432 24.294134 18.872831 20.374433 19.881574 12.356784 0.000000 5.051201 21.270858 30.443947 10.386381 43.075359 22.311453 8.033659 
19 25.675252 20.727531 5.896250 11.005102 17.345279 22.282908 6.363470 28.741118 29.904652 51.258910 13.007432 0.000000 18.858357 14.899666 15.514851 14.575890 11.842025 0.000000 11.005873 16.059123 24.051961 8.339680 38.277337 14.581673 10.302703 
2 18.047724 36.185017 23.634085 20.186675 25.417764 34.084953 19.207146 41.084850 42.258384 61.760574 24.294134 18.858357 0.000000 9.924107 32.032396 21.188740 15.950262 0.000000 23.839064 6.208849 34.005720 20.952008 47.100719 14.663112 20.273682 
20 15.439033 33.778222 18.367636 12.901536 20.004977 28.837183 15.929019 40.678226 38.987677 62.303962 18.872831 14.899666 9.924107 0.000000 29.461432 17.606908 9.025217 0.000000 17.194065 8.041998 33.528965 17.732080 43.218611 11.504922 12.981533 
21 39.722017 14.264120 14.083049 23.551998 23.739723 24.908054 14.997788 19.701881 29.010656 41.589042 20.374433 15.514851 32.032396 29.461432 0.000000 23.104300 24.607014 0.000000 19.593611 30.039355 21.113580 13.973553 40.847136 27.069512 22.530284 
22 28.742797 33.251174 17.013759 20.702621 13.985636 20.510373 17.482562 39.391362 42.544815 62.279761 19.881574 14.575890 21.188740 17.606908 23.104300 0.000000 15.527966 0.000000 17.402234 19.877540 37.069366 16.717167 8.018821 20.104451 17.831510 
23 22.030579 30.353435 14.373009 11.660680 12.989976 23.630000 11.334939 37.332937 35.250792 59.674767 12.356784 11.842025 15.950262 9.025217 24.607014 15.527966 0.000000 0.000000 11.094928 12.141822 31.568806 12.726203 43.346306 12.674225 7.833849 
24 0.000000 0.000000 0.000000 0.000000 0.000000 0.000000 0.000000 0.000000 0.000000 0.000000 0.000000 0.000000 0.000000 0.000000 0.000000 0.000000 0.000000 0.000000 0.000000 0.000000 0.000000 0.000000 0.000000 0.000000 0.000000 
3 30.021817 24.691644 8.500016 9.910558 12.757188 16.365218 12.011300 35.150484 28.258812 57.013411 5.051201 11.005873 23.839064 17.194065 19.593611 17.402234 11.094928 0.000000 0.000000 20.644736 30.288998 10.474156 39.618122 20.693440 6.549371 
4 16.554823 34.020496 20.830363 17.275019 22.224754 32.109701 16.362440 39.212873 39.696971 60.325105 21.270858 16.059123 6.208849 8.041998 30.039355 19.877540 12.141822 0.000000 20.644736 0.000000 32.085124 19.184760 45.992290 10.938199 16.734286 
5 38.047913 14.332659 24.508864 27.946010 37.256568 41.657454 21.851088 12.379022 27.257923 29.321506 30.443947 24.051961 34.005720 33.528965 21.113580 37.069366 31.568806 0.000000 30.288998 32.085124 0.000000 24.754864 50.113661 28.056333 29.903857 
6 30.851679 20.917730 9.068033 14.159531 16.005144 20.255644 6.107261 28.442434 28.964831 50.853216 10.386381 8.339680 20.952008 17.732080 13.973553 16.717167 12.726203 0.000000 10.474156 19.184760 24.754864 0.000000 41.207654 19.119588 11.924584 
7 49.379983 43.214779 36.095063 40.163578 42.156697 34.813952 40.619487 50.431473 52.457086 67.954982 43.075359 38.277337 47.100719 43.218611 40.847136 8.018821 43.346306 0.000000 39.618122 45.992290 50.113661 41.207654 0.000000 47.048697 42.048680 
8 14.563109 31.020545 19.217288 16.505921 22.843906 33.994612 14.991482 34.817442 38.836908 56.019331 22.311453 14.581673 14.663112 11.504922 27.069512 20.104451 12.674225 0.000000 20.693440 10.938199 28.056333 19.119588 47.048697 0.000000 16.144614 
9 24.848530 26.108158 10.342334 6.449034 15.634843 21.006789 11.834205 35.966427 28.994715 57.964166 8.033659 10.302703 20.273682 12.981533 22.530284 17.831510 7.833849 0.000000 6.549371 16.734286 29.903857 11.924584 42.048680 16.144614 0.000000 



ESTRATEGIA DE DISTANCIA MINIMA
Clusteres Iniciales: 0 1 2 3 4 5 6 7 8 9 10 11 

  13 14 15 16 17 18 19 20 21 22 23 24 
13 42.448918 32.213563 19.330544 24.120915 17.941590 0.000000 23.839085 42.807043 35.569798 64.637755 17.071826 22.282908 34.084953 28.837183 24.908054 20.510373 23.630000 0.000000 16.365218 32.109701 41.657454 20.255644 34.813952 33.994612 21.006789 
14 27.189348 20.493740 8.961090 13.176571 16.932385 23.839085 0.000000 26.501404 29.805982 49.036852 12.948940 6.363470 19.207146 15.929019 14.997788 17.482562 11.334939 0.000000 12.011300 16.362440 21.851088 6.107261 40.619487 14.991482 11.834205 
15 46.450165 15.954397 28.789788 35.350279 40.157842 42.807043 26.501404 0.000000 32.249749 23.603647 35.288888 28.741118 41.084850 40.678226 19.701881 39.391362 37.332937 0.000000 35.150484 39.212873 12.379022 28.442434 50.431473 34.817442 35.966427 
16 47.218150 19.156303 26.874964 27.862574 39.459878 35.569798 29.805982 32.249749 0.000000 46.123421 26.240050 29.904652 42.258384 38.987677 29.010656 42.544815 35.250792 0.000000 28.258812 39.696971 27.257923 28.964831 52.457086 38.836908 28.994715 
17 66.013294 34.819854 50.900427 56.444247 62.463870 64.637755 49.036852 23.603647 46.123421 0.000000 56.892871 51.258910 61.760574 62.303962 41.589042 62.279761 59.674767 0.000000 57.013411 60.325105 29.321506 50.853216 67.954982 56.019331 57.964166 
18 32.195628 24.790691 11.312785 12.203479 14.361582 17.071826 12.948940 35.288888 26.240050 56.892871 0.000000 13.007432 24.294134 18.872831 20.374433 19.881574 12.356784 0.000000 5.051201 21.270858 30.443947 10.386381 43.075359 22.311453 8.033659 
19 25.675252 20.727531 5.896250 11.005102 17.345279 22.282908 6.363470 28.741118 29.904652 51.258910 13.007432 0.000000 18.858357 14.899666 15.514851 14.575890 11.842025 0.000000 11.005873 16.059123 24.051961 8.339680 38.277337 14.581673 10.302703 
20 15.439033 33.778222 18.367636 12.901536 20.004977 28.837183 15.929019 40.678226 38.987677 62.303962 18.872831 14.899666 9.924107 0.000000 29.461432 17.606908 9.025217 0.000000 17.194065 8.041998 33.528965 17.732080 43.218611 11.504922 12.981533 
21 39.722017 14.264120 14.083049 23.551998 23.739723 24.908054 14.997788 19.701881 29.010656 41.589042 20.374433 15.514851 32.032396 29.461432 0.000000 23.104300 24.607014 0.000000 19.593611 30.039355 21.113580 13.973553 40.847136 27.069512 22.530284 
22 28.742797 33.251174 17.013759 20.702621 13.985636 20.510373 17.482562 39.391362 42.544815 62.279761 19.881574 14.575890 21.188740 17.606908 23.104300 0.000000 15.527966 0.000000 17.402234 19.877540 37.069366 16.717167 8.018821 20.104451 17.831510 
23 22.030579 30.353435 14.373009 11.660680 12.989976 23.630000 11.334939 37.332937 35.250792 59.674767 12.356784 11.842025 15.950262 9.025217 24.607014 15.527966 0.000000 0.000000 11.094928 12.141822 31.568806 12.726203 43.346306 12.674225 7.833849 
24 0.000000 0.000000 0.000000 0.000000 0.000000 0.000000 0.000000 0.000000 0.000000 0.000000 0.000000 0.000000 0.000000 0.000000 0.000000 0.000000 0.000000 0.000000 0.000000 0.000000 0.000000 0.000000 0.000000 0.000000 0.000000 

Nivel K = 1
Clusteres más proximos 23 y 24 (0.000000)
Entonces quedaria: 13 14 15 16 17 18 19 20 21 22 2324 
  13 14 15 16 17 18 19 20 21 22 2324 
13 42.448918 32.213563 19.330544 24.120915 17.941590 0.000000 23.839085 42.807043 35.569798 64.637755 17.071826 22.282908 34.084953 28.837183 24.908054 20.510373 0.000000 16.365218 32.109701 41.657454 20.255644 34.813952 33.994612 21.006789 
14 27.189348 20.493740 8.961090 13.176571 16.932385 23.839085 0.000000 26.501404 29.805982 49.036852 12.948940 6.363470 19.207146 15.929019 14.997788 17.482562 0.000000 12.011300 16.362440 21.851088 6.107261 40.619487 14.991482 11.834205 
15 46.450165 15.954397 28.789788 35.350279 40.157842 42.807043 26.501404 0.000000 32.249749 23.603647 35.288888 28.741118 41.084850 40.678226 19.701881 39.391362 0.000000 35.150484 39.212873 12.379022 28.442434 50.431473 34.817442 35.966427 
16 47.218150 19.156303 26.874964 27.862574 39.459878 35.569798 29.805982 32.249749 0.000000 46.123421 26.240050 29.904652 42.258384 38.987677 29.010656 42.544815 0.000000 28.258812 39.696971 27.257923 28.964831 52.457086 38.836908 28.994715 
17 66.013294 34.819854 50.900427 56.444247 62.463870 64.637755 49.036852 23.603647 46.123421 0.000000 56.892871 51.258910 61.760574 62.303962 41.589042 62.279761 0.000000 57.013411 60.325105 29.321506 50.853216 67.954982 56.019331 57.964166 
18 32.195628 24.790691 11.312785 12.203479 14.361582 17.071826 12.948940 35.288888 26.240050 56.892871 0.000000 13.007432 24.294134 18.872831 20.374433 19.881574 0.000000 5.051201 21.270858 30.443947 10.386381 43.075359 22.311453 8.033659 
19 25.675252 20.727531 5.896250 11.005102 17.345279 22.282908 6.363470 28.741118 29.904652 51.258910 13.007432 0.000000 18.858357 14.899666 15.514851 14.575890 0.000000 11.005873 16.059123 24.051961 8.339680 38.277337 14.581673 10.302703 
20 15.439033 33.778222 18.367636 12.901536 20.004977 28.837183 15.929019 40.678226 38.987677 62.303962 18.872831 14.899666 9.924107 0.000000 29.461432 17.606908 0.000000 17.194065 8.041998 33.528965 17.732080 43.218611 11.504922 12.981533 
21 39.722017 14.264120 14.083049 23.551998 23.739723 24.908054 14.997788 19.701881 29.010656 41.589042 20.374433 15.514851 32.032396 29.461432 0.000000 23.104300 0.000000 19.593611 30.039355 21.113580 13.973553 40.847136 27.069512 22.530284 
22 28.742797 33.251174 17.013759 20.702621 13.985636 20.510373 17.482562 39.391362 42.544815 62.279761 19.881574 14.575890 21.188740 17.606908 23.104300 0.000000 0.000000 17.402234 19.877540 37.069366 16.717167 8.018821 20.104451 17.831510 
2324 0.000000 0.000000 0.000000 0.000000 0.000000 0.000000 0.000000 0.000000 0.000000 0.000000 0.000000 0.000000 0.000000 0.000000 0.000000 0.000000 0.000000 0.000000 0.000000 0.000000 0.000000 0.000000 0.000000 0.000000 

Nivel K = 2
Clusteres más proximos 22 y 2324 (0.000000)
Entonces quedaria: 13 14 15 16 17 18 19 20 21 222324 
  13 14 15 16 17 18 19 20 21 222324 
13 42.448918 32.213563 19.330544 24.120915 17.941590 0.000000 23.839085 42.807043 35.569798 64.637755 17.071826 22.282908 34.084953 28.837183 24.908054 0.000000 16.365218 32.109701 41.657454 20.255644 34.813952 33.994612 21.006789 
14 27.189348 20.493740 8.961090 13.176571 16.932385 23.839085 0.000000 26.501404 29.805982 49.036852 12.948940 6.363470 19.207146 15.929019 14.997788 0.000000 12.011300 16.362440 21.851088 6.107261 40.619487 14.991482 11.834205 
15 46.450165 15.954397 28.789788 35.350279 40.157842 42.807043 26.501404 0.000000 32.249749 23.603647 35.288888 28.741118 41.084850 40.678226 19.701881 0.000000 35.150484 39.212873 12.379022 28.442434 50.431473 34.817442 35.966427 
16 47.218150 19.156303 26.874964 27.862574 39.459878 35.569798 29.805982 32.249749 0.000000 46.123421 26.240050 29.904652 42.258384 38.987677 29.010656 0.000000 28.258812 39.696971 27.257923 28.964831 52.457086 38.836908 28.994715 
17 66.013294 34.819854 50.900427 56.444247 62.463870 64.637755 49.036852 23.603647 46.123421 0.000000 56.892871 51.258910 61.760574 62.303962 41.589042 0.000000 57.013411 60.325105 29.321506 50.853216 67.954982 56.019331 57.964166 
18 32.195628 24.790691 11.312785 12.203479 14.361582 17.071826 12.948940 35.288888 26.240050 56.892871 0.000000 13.007432 24.294134 18.872831 20.374433 0.000000 5.051201 21.270858 30.443947 10.386381 43.075359 22.311453 8.033659 
19 25.675252 20.727531 5.896250 11.005102 17.345279 22.282908 6.363470 28.741118 29.904652 51.258910 13.007432 0.000000 18.858357 14.899666 15.514851 0.000000 11.005873 16.059123 24.051961 8.339680 38.277337 14.581673 10.302703 
20 15.439033 33.778222 18.367636 12.901536 20.004977 28.837183 15.929019 40.678226 38.987677 62.303962 18.872831 14.899666 9.924107 0.000000 29.461432 0.000000 17.194065 8.041998 33.528965 17.732080 43.218611 11.504922 12.981533 
21 39.722017 14.264120 14.083049 23.551998 23.739723 24.908054 14.997788 19.701881 29.010656 41.589042 20.374433 15.514851 32.032396 29.461432 0.000000 0.000000 19.593611 30.039355 21.113580 13.973553 40.847136 27.069512 22.530284 
222324 0.000000 0.000000 0.000000 0.000000 0.000000 0.000000 0.000000 0.000000 0.000000 0.000000 0.000000 0.000000 0.000000 0.000000 0.000000 0.000000 0.000000 0.000000 0.000000 0.000000 0.000000 0.000000 0.000000 

Nivel K = 3
Clusteres más proximos 21 y 222324 (0.000000)
Entonces quedaria: 13 14 15 16 17 18 19 20 21222324 
  13 14 15 16 17 18 19 20 21222324 
13 42.448918 32.213563 19.330544 24.120915 17.941590 0.000000 23.839085 42.807043 35.569798 64.637755 17.071826 22.282908 34.084953 28.837183 0.000000 16.365218 32.109701 41.657454 20.255644 34.813952 33.994612 21.006789 
14 27.189348 20.493740 8.961090 13.176571 16.932385 23.839085 0.000000 26.501404 29.805982 49.036852 12.948940 6.363470 19.207146 15.929019 0.000000 12.011300 16.362440 21.851088 6.107261 40.619487 14.991482 11.834205 
15 46.450165 15.954397 28.789788 35.350279 40.157842 42.807043 26.501404 0.000000 32.249749 23.603647 35.288888 28.741118 41.084850 40.678226 0.000000 35.150484 39.212873 12.379022 28.442434 50.431473 34.817442 35.966427 
16 47.218150 19.156303 26.874964 27.862574 39.459878 35.569798 29.805982 32.249749 0.000000 46.123421 26.240050 29.904652 42.258384 38.987677 0.000000 28.258812 39.696971 27.257923 28.964831 52.457086 38.836908 28.994715 
17 66.013294 34.819854 50.900427 56.444247 62.463870 64.637755 49.036852 23.603647 46.123421 0.000000 56.892871 51.258910 61.760574 62.303962 0.000000 57.013411 60.325105 29.321506 50.853216 67.954982 56.019331 57.964166 
18 32.195628 24.790691 11.312785 12.203479 14.361582 17.071826 12.948940 35.288888 26.240050 56.892871 0.000000 13.007432 24.294134 18.872831 0.000000 5.051201 21.270858 30.443947 10.386381 43.075359 22.311453 8.033659 
19 25.675252 20.727531 5.896250 11.005102 17.345279 22.282908 6.363470 28.741118 29.904652 51.258910 13.007432 0.000000 18.858357 14.899666 0.000000 11.005873 16.059123 24.051961 8.339680 38.277337 14.581673 10.302703 
20 15.439033 33.778222 18.367636 12.901536 20.004977 28.837183 15.929019 40.678226 38.987677 62.303962 18.872831 14.899666 9.924107 0.000000 0.000000 17.194065 8.041998 33.528965 17.732080 43.218611 11.504922 12.981533 
21222324 0.000000 0.000000 0.000000 0.000000 0.000000 0.000000 0.000000 0.000000 0.000000 0.000000 0.000000 0.000000 0.000000 0.000000 0.000000 0.000000 0.000000 0.000000 0.000000 0.000000 0.000000 0.000000 

Nivel K = 4
Clusteres más proximos 21222324 y 12 (0.000000)
Entonces quedaria: 1221222324 13 14 15 16 17 18 19 20 
  1221222324 13 14 15 16 17 18 19 20 
1221222324 0.000000 0.000000 0.000000 0.000000 0.000000 0.000000 0.000000 0.000000 0.000000 0.000000 0.000000 0.000000 0.000000 0.000000 0.000000 0.000000 0.000000 0.000000 0.000000 0.000000 0.000000 
13 42.448918 32.213563 19.330544 24.120915 0.000000 0.000000 23.839085 42.807043 35.569798 64.637755 17.071826 22.282908 34.084953 28.837183 16.365218 32.109701 41.657454 20.255644 34.813952 33.994612 21.006789 
14 27.189348 20.493740 8.961090 13.176571 0.000000 23.839085 0.000000 26.501404 29.805982 49.036852 12.948940 6.363470 19.207146 15.929019 12.011300 16.362440 21.851088 6.107261 40.619487 14.991482 11.834205 
15 46.450165 15.954397 28.789788 35.350279 0.000000 42.807043 26.501404 0.000000 32.249749 23.603647 35.288888 28.741118 41.084850 40.678226 35.150484 39.212873 12.379022 28.442434 50.431473 34.817442 35.966427 
16 47.218150 19.156303 26.874964 27.862574 0.000000 35.569798 29.805982 32.249749 0.000000 46.123421 26.240050 29.904652 42.258384 38.987677 28.258812 39.696971 27.257923 28.964831 52.457086 38.836908 28.994715 
17 66.013294 34.819854 50.900427 56.444247 0.000000 64.637755 49.036852 23.603647 46.123421 0.000000 56.892871 51.258910 61.760574 62.303962 57.013411 60.325105 29.321506 50.853216 67.954982 56.019331 57.964166 
18 32.195628 24.790691 11.312785 12.203479 0.000000 17.071826 12.948940 35.288888 26.240050 56.892871 0.000000 13.007432 24.294134 18.872831 5.051201 21.270858 30.443947 10.386381 43.075359 22.311453 8.033659 
19 25.675252 20.727531 5.896250 11.005102 0.000000 22.282908 6.363470 28.741118 29.904652 51.258910 13.007432 0.000000 18.858357 14.899666 11.005873 16.059123 24.051961 8.339680 38.277337 14.581673 10.302703 
20 15.439033 33.778222 18.367636 12.901536 0.000000 28.837183 15.929019 40.678226 38.987677 62.303962 18.872831 14.899666 9.924107 0.000000 17.194065 8.041998 33.528965 17.732080 43.218611 11.504922 12.981533 

Nivel K = 5
Clusteres más proximos 1221222324 y 6 (0.000000)
Entonces quedaria: 12212223246 13 14 15 16 17 18 19 20 
  12212223246 13 14 15 16 17 18 19 20 
12212223246 0.000000 0.000000 0.000000 0.000000 0.000000 0.000000 0.000000 0.000000 0.000000 0.000000 0.000000 0.000000 0.000000 0.000000 0.000000 0.000000 0.000000 0.000000 0.000000 0.000000 
13 42.448918 32.213563 19.330544 24.120915 0.000000 0.000000 23.839085 42.807043 35.569798 64.637755 17.071826 22.282908 34.084953 28.837183 16.365218 32.109701 41.657454 34.813952 33.994612 21.006789 
14 27.189348 20.493740 8.961090 13.176571 0.000000 23.839085 0.000000 26.501404 29.805982 49.036852 12.948940 6.363470 19.207146 15.929019 12.011300 16.362440 21.851088 40.619487 14.991482 11.834205 
15 46.450165 15.954397 28.789788 35.350279 0.000000 42.807043 26.501404 0.000000 32.249749 23.603647 35.288888 28.741118 41.084850 40.678226 35.150484 39.212873 12.379022 50.431473 34.817442 35.966427 
16 47.218150 19.156303 26.874964 27.862574 0.000000 35.569798 29.805982 32.249749 0.000000 46.123421 26.240050 29.904652 42.258384 38.987677 28.258812 39.696971 27.257923 52.457086 38.836908 28.994715 
17 66.013294 34.819854 50.900427 56.444247 0.000000 64.637755 49.036852 23.603647 46.123421 0.000000 56.892871 51.258910 61.760574 62.303962 57.013411 60.325105 29.321506 67.954982 56.019331 57.964166 
18 32.195628 24.790691 11.312785 12.203479 0.000000 17.071826 12.948940 35.288888 26.240050 56.892871 0.000000 13.007432 24.294134 18.872831 5.051201 21.270858 30.443947 43.075359 22.311453 8.033659 
19 25.675252 20.727531 5.896250 11.005102 0.000000 22.282908 6.363470 28.741118 29.904652 51.258910 13.007432 0.000000 18.858357 14.899666 11.005873 16.059123 24.051961 38.277337 14.581673 10.302703 
20 15.439033 33.778222 18.367636 12.901536 0.000000 28.837183 15.929019 40.678226 38.987677 62.303962 18.872831 14.899666 9.924107 0.000000 17.194065 8.041998 33.528965 43.218611 11.504922 12.981533 

Nivel K = 6
Clusteres más proximos 12212223246 y 14 (0.000000)
Entonces quedaria: 1221222324614 13 15 16 17 18 19 20 
  1221222324614 13 15 16 17 18 19 20 
1221222324614 0.000000 0.000000 0.000000 0.000000 0.000000 0.000000 0.000000 0.000000 0.000000 0.000000 0.000000 0.000000 0.000000 0.000000 0.000000 0.000000 0.000000 0.000000 0.000000 
13 42.448918 32.213563 19.330544 24.120915 0.000000 0.000000 42.807043 35.569798 64.637755 17.071826 22.282908 34.084953 28.837183 16.365218 32.109701 41.657454 34.813952 33.994612 21.006789 
15 46.450165 15.954397 28.789788 35.350279 0.000000 42.807043 0.000000 32.249749 23.603647 35.288888 28.741118 41.084850 40.678226 35.150484 39.212873 12.379022 50.431473 34.817442 35.966427 
16 47.218150 19.156303 26.874964 27.862574 0.000000 35.569798 32.249749 0.000000 46.123421 26.240050 29.904652 42.258384 38.987677 28.258812 39.696971 27.257923 52.457086 38.836908 28.994715 
17 66.013294 34.819854 50.900427 56.444247 0.000000 64.637755 23.603647 46.123421 0.000000 56.892871 51.258910 61.760574 62.303962 57.013411 60.325105 29.321506 67.954982 56.019331 57.964166 
18 32.195628 24.790691 11.312785 12.203479 0.000000 17.071826 35.288888 26.240050 56.892871 0.000000 13.007432 24.294134 18.872831 5.051201 21.270858 30.443947 43.075359 22.311453 8.033659 
19 25.675252 20.727531 5.896250 11.005102 0.000000 22.282908 28.741118 29.904652 51.258910 13.007432 0.000000 18.858357 14.899666 11.005873 16.059123 24.051961 38.277337 14.581673 10.302703 
20 15.439033 33.778222 18.367636 12.901536 0.000000 28.837183 40.678226 38.987677 62.303962 18.872831 14.899666 9.924107 0.000000 17.194065 8.041998 33.528965 43.218611 11.504922 12.981533 

Nivel K = 7
Clusteres más proximos 1221222324614 y 11 (0.000000)
Entonces quedaria: 111221222324614 13 15 16 17 18 19 20 
  111221222324614 13 15 16 17 18 19 20 
111221222324614 0.000000 0.000000 0.000000 0.000000 0.000000 0.000000 0.000000 0.000000 0.000000 0.000000 0.000000 0.000000 0.000000 0.000000 0.000000 0.000000 0.000000 0.000000 
13 42.448918 32.213563 19.330544 0.000000 0.000000 42.807043 35.569798 64.637755 17.071826 22.282908 34.084953 28.837183 16.365218 32.109701 41.657454 34.813952 33.994612 21.006789 
15 46.450165 15.954397 28.789788 0.000000 42.807043 0.000000 32.249749 23.603647 35.288888 28.741118 41.084850 40.678226 35.150484 39.212873 12.379022 50.431473 34.817442 35.966427 
16 47.218150 19.156303 26.874964 0.000000 35.569798 32.249749 0.000000 46.123421 26.240050 29.904652 42.258384 38.987677 28.258812 39.696971 27.257923 52.457086 38.836908 28.994715 
17 66.013294 34.819854 50.900427 0.000000 64.637755 23.603647 46.123421 0.000000 56.892871 51.258910 61.760574 62.303962 57.013411 60.325105 29.321506 67.954982 56.019331 57.964166 
18 32.195628 24.790691 11.312785 0.000000 17.071826 35.288888 26.240050 56.892871 0.000000 13.007432 24.294134 18.872831 5.051201 21.270858 30.443947 43.075359 22.311453 8.033659 
19 25.675252 20.727531 5.896250 0.000000 22.282908 28.741118 29.904652 51.258910 13.007432 0.000000 18.858357 14.899666 11.005873 16.059123 24.051961 38.277337 14.581673 10.302703 
20 15.439033 33.778222 18.367636 0.000000 28.837183 40.678226 38.987677 62.303962 18.872831 14.899666 9.924107 0.000000 17.194065 8.041998 33.528965 43.218611 11.504922 12.981533 

Nivel K = 8
Clusteres más proximos 111221222324614 y 5 (0.000000)
Entonces quedaria: 1112212223246145 13 15 16 17 18 19 20 
  1112212223246145 13 15 16 17 18 19 20 
1112212223246145 0.000000 0.000000 0.000000 0.000000 0.000000 0.000000 0.000000 0.000000 0.000000 0.000000 0.000000 0.000000 0.000000 0.000000 0.000000 0.000000 0.000000 
13 42.448918 32.213563 19.330544 0.000000 0.000000 42.807043 35.569798 64.637755 17.071826 22.282908 34.084953 28.837183 16.365218 32.109701 34.813952 33.994612 21.006789 
15 46.450165 15.954397 28.789788 0.000000 42.807043 0.000000 32.249749 23.603647 35.288888 28.741118 41.084850 40.678226 35.150484 39.212873 50.431473 34.817442 35.966427 
16 47.218150 19.156303 26.874964 0.000000 35.569798 32.249749 0.000000 46.123421 26.240050 29.904652 42.258384 38.987677 28.258812 39.696971 52.457086 38.836908 28.994715 
17 66.013294 34.819854 50.900427 0.000000 64.637755 23.603647 46.123421 0.000000 56.892871 51.258910 61.760574 62.303962 57.013411 60.325105 67.954982 56.019331 57.964166 
18 32.195628 24.790691 11.312785 0.000000 17.071826 35.288888 26.240050 56.892871 0.000000 13.007432 24.294134 18.872831 5.051201 21.270858 43.075359 22.311453 8.033659 
19 25.675252 20.727531 5.896250 0.000000 22.282908 28.741118 29.904652 51.258910 13.007432 0.000000 18.858357 14.899666 11.005873 16.059123 38.277337 14.581673 10.302703 
20 15.439033 33.778222 18.367636 0.000000 28.837183 40.678226 38.987677 62.303962 18.872831 14.899666 9.924107 0.000000 17.194065 8.041998 43.218611 11.504922 12.981533 

Nivel K = 9
Clusteres más proximos 19 y 1112212223246145 (0.000000)
Entonces quedaria: 111221222324614519 13 15 16 17 18 20 
  111221222324614519 13 15 16 17 18 20 
111221222324614519 0.000000 0.000000 0.000000 0.000000 0.000000 0.000000 0.000000 0.000000 0.000000 0.000000 0.000000 0.000000 0.000000 0.000000 0.000000 0.000000 
13 42.448918 32.213563 19.330544 0.000000 0.000000 42.807043 35.569798 64.637755 17.071826 34.084953 28.837183 16.365218 32.109701 34.813952 33.994612 21.006789 
15 46.450165 15.954397 28.789788 0.000000 42.807043 0.000000 32.249749 23.603647 35.288888 41.084850 40.678226 35.150484 39.212873 50.431473 34.817442 35.966427 
16 47.218150 19.156303 26.874964 0.000000 35.569798 32.249749 0.000000 46.123421 26.240050 42.258384 38.987677 28.258812 39.696971 52.457086 38.836908 28.994715 
17 66.013294 34.819854 50.900427 0.000000 64.637755 23.603647 46.123421 0.000000 56.892871 61.760574 62.303962 57.013411 60.325105 67.954982 56.019331 57.964166 
18 32.195628 24.790691 11.312785 0.000000 17.071826 35.288888 26.240050 56.892871 0.000000 24.294134 18.872831 5.051201 21.270858 43.075359 22.311453 8.033659 
20 15.439033 33.778222 18.367636 0.000000 28.837183 40.678226 38.987677 62.303962 18.872831 9.924107 0.000000 17.194065 8.041998 43.218611 11.504922 12.981533 

Nivel K = 10
Clusteres más proximos 111221222324614519 y 18 (0.000000)
Entonces quedaria: 11122122232461451918 13 15 16 17 20 
  11122122232461451918 13 15 16 17 20 
11122122232461451918 0.000000 0.000000 0.000000 0.000000 0.000000 0.000000 0.000000 0.000000 0.000000 0.000000 0.000000 0.000000 0.000000 0.000000 0.000000 
13 42.448918 32.213563 19.330544 0.000000 0.000000 42.807043 35.569798 64.637755 34.084953 28.837183 16.365218 32.109701 34.813952 33.994612 21.006789 
15 46.450165 15.954397 28.789788 0.000000 42.807043 0.000000 32.249749 23.603647 41.084850 40.678226 35.150484 39.212873 50.431473 34.817442 35.966427 
16 47.218150 19.156303 26.874964 0.000000 35.569798 32.249749 0.000000 46.123421 42.258384 38.987677 28.258812 39.696971 52.457086 38.836908 28.994715 
17 66.013294 34.819854 50.900427 0.000000 64.637755 23.603647 46.123421 0.000000 61.760574 62.303962 57.013411 60.325105 67.954982 56.019331 57.964166 
20 15.439033 33.778222 18.367636 0.000000 28.837183 40.678226 38.987677 62.303962 9.924107 0.000000 17.194065 8.041998 43.218611 11.504922 12.981533 

Nivel K = 11
Clusteres más proximos 11122122232461451918 y 17 (0.000000)
Entonces quedaria: 1112212223246145191817 13 15 16 20 
  1112212223246145191817 13 15 16 20 
1112212223246145191817 0.000000 0.000000 0.000000 0.000000 0.000000 0.000000 0.000000 0.000000 0.000000 0.000000 0.000000 0.000000 0.000000 0.000000 
13 42.448918 32.213563 19.330544 0.000000 0.000000 42.807043 35.569798 34.084953 28.837183 16.365218 32.109701 34.813952 33.994612 21.006789 
15 46.450165 15.954397 28.789788 0.000000 42.807043 0.000000 32.249749 41.084850 40.678226 35.150484 39.212873 50.431473 34.817442 35.966427 
16 47.218150 19.156303 26.874964 0.000000 35.569798 32.249749 0.000000 42.258384 38.987677 28.258812 39.696971 52.457086 38.836908 28.994715 
20 15.439033 33.778222 18.367636 0.000000 28.837183 40.678226 38.987677 9.924107 0.000000 17.194065 8.041998 43.218611 11.504922 12.981533 

Nivel K = 12
Clusteres más proximos 1112212223246145191817 y 2 (0.000000)
Entonces quedaria: 11122122232461451918172 13 15 16 20 
  11122122232461451918172 13 15 16 20 
11122122232461451918172 0.000000 0.000000 0.000000 0.000000 0.000000 0.000000 0.000000 0.000000 0.000000 0.000000 0.000000 0.000000 0.000000 
13 42.448918 32.213563 19.330544 0.000000 0.000000 42.807043 35.569798 28.837183 16.365218 32.109701 34.813952 33.994612 21.006789 
15 46.450165 15.954397 28.789788 0.000000 42.807043 0.000000 32.249749 40.678226 35.150484 39.212873 50.431473 34.817442 35.966427 
16 47.218150 19.156303 26.874964 0.000000 35.569798 32.249749 0.000000 38.987677 28.258812 39.696971 52.457086 38.836908 28.994715 
20 15.439033 33.778222 18.367636 0.000000 28.837183 40.678226 38.987677 0.000000 17.194065 8.041998 43.218611 11.504922 12.981533 

Nivel K = 13
Clusteres más proximos 11122122232461451918172 y 8 (0.000000)
Entonces quedaria: 111221222324614519181728 13 15 16 20 
  111221222324614519181728 13 15 16 20 
111221222324614519181728 0.000000 0.000000 0.000000 0.000000 0.000000 0.000000 0.000000 0.000000 0.000000 0.000000 0.000000 0.000000 
13 42.448918 32.213563 19.330544 0.000000 0.000000 42.807043 35.569798 28.837183 16.365218 32.109701 34.813952 21.006789 
15 46.450165 15.954397 28.789788 0.000000 42.807043 0.000000 32.249749 40.678226 35.150484 39.212873 50.431473 35.966427 
16 47.218150 19.156303 26.874964 0.000000 35.569798 32.249749 0.000000 38.987677 28.258812 39.696971 52.457086 28.994715 
20 15.439033 33.778222 18.367636 0.000000 28.837183 40.678226 38.987677 0.000000 17.194065 8.041998 43.218611 12.981533 

Nivel K = 14
Clusteres más proximos 111221222324614519181728 y 20 (0.000000)
Entonces quedaria: 11122122232461451918172820 13 15 16 
  11122122232461451918172820 13 15 16 
11122122232461451918172820 0.000000 0.000000 0.000000 0.000000 0.000000 0.000000 0.000000 0.000000 0.000000 0.000000 0.000000 
13 42.448918 32.213563 19.330544 0.000000 0.000000 42.807043 35.569798 16.365218 32.109701 34.813952 21.006789 
15 46.450165 15.954397 28.789788 0.000000 42.807043 0.000000 32.249749 35.150484 39.212873 50.431473 35.966427 
16 47.218150 19.156303 26.874964 0.000000 35.569798 32.249749 0.000000 28.258812 39.696971 52.457086 28.994715 

Nivel K = 15
Clusteres más proximos 11122122232461451918172820 y 16 (0.000000)
Entonces quedaria: 1112212223246145191817282016 13 15 
  1112212223246145191817282016 13 15 
1112212223246145191817282016 0.000000 0.000000 0.000000 0.000000 0.000000 0.000000 0.000000 0.000000 0.000000 0.000000 
13 42.448918 32.213563 19.330544 0.000000 0.000000 42.807043 16.365218 32.109701 34.813952 21.006789 
15 46.450165 15.954397 28.789788 0.000000 42.807043 0.000000 35.150484 39.212873 50.431473 35.966427 

Nivel K = 16
Clusteres más proximos 1112212223246145191817282016 y 15 (0.000000)
Entonces quedaria: 111221222324614519181728201615 13 
  111221222324614519181728201615 13 
111221222324614519181728201615 0.000000 0.000000 0.000000 0.000000 0.000000 0.000000 0.000000 0.000000 0.000000 
13 42.448918 32.213563 19.330544 0.000000 0.000000 16.365218 32.109701 34.813952 21.006789 

Nivel K = 17
Clusteres más proximos 111221222324614519181728201615 y 7 (0.000000)
Entonces quedaria: 1112212223246145191817282016157 13 
  1112212223246145191817282016157 13 
1112212223246145191817282016157 0.000000 0.000000 0.000000 0.000000 0.000000 0.000000 0.000000 0.000000 
13 42.448918 32.213563 19.330544 0.000000 0.000000 16.365218 32.109701 21.006789 

Nivel K = 18
Clusteres más proximos 1112212223246145191817282016157 y 10 (0.000000)
Entonces quedaria: 101112212223246145191817282016157 13 
  101112212223246145191817282016157 13 
101112212223246145191817282016157 0.000000 0.000000 0.000000 0.000000 0.000000 0.000000 0.000000 
13 42.448918 32.213563 0.000000 0.000000 16.365218 32.109701 21.006789 

Nivel K = 19
Clusteres más proximos 101112212223246145191817282016157 y 13 (0.000000)
Entonces quedaria: 10111221222324614519181728201615713 
  10111221222324614519181728201615713 
10111221222324614519181728201615713 0.000000 0.000000 0.000000 0.000000 0.000000 0.000000 

print matrix cofenica - Estrategia distancia minima
  0 1 13 14 15 16 17 18 19 2 20 21 22 23 24 3 4 5 6 7 8 9 
0 0.000000 0.000000 0.000000 0.000000 0.000000 0.000000 0.000000 0.000000 0.000000 0.000000 
1 0.000000 0.000000 0.000000 0.000000 0.000000 0.000000 0.000000 0.000000 0.000000 0.000000 
13 42.448918 32.213563 19.330544 24.120915 17.941590 0.000000 23.839085 42.807043 35.569798 64.637755 17.071826 22.282908 34.084953 28.837183 24.908054 20.510373 23.630000 0.000000 16.365218 32.109701 41.657454 20.255644 34.813952 33.994612 21.006789 
14 27.189348 20.493740 8.961090 13.176571 16.932385 23.839085 0.000000 26.501404 29.805982 49.036852 12.948940 6.363470 19.207146 15.929019 14.997788 17.482562 11.334939 0.000000 12.011300 16.362440 21.851088 6.107261 40.619487 14.991482 11.834205 
15 46.450165 15.954397 28.789788 35.350279 40.157842 42.807043 26.501404 0.000000 32.249749 23.603647 35.288888 28.741118 41.084850 40.678226 19.701881 39.391362 37.332937 0.000000 35.150484 39.212873 12.379022 28.442434 50.431473 34.817442 35.966427 
16 47.218150 19.156303 26.874964 27.862574 39.459878 35.569798 29.805982 32.249749 0.000000 46.123421 26.240050 29.904652 42.258384 38.987677 29.010656 42.544815 35.250792 0.000000 28.258812 39.696971 27.257923 28.964831 52.457086 38.836908 28.994715 
17 66.013294 34.819854 50.900427 56.444247 62.463870 64.637755 49.036852 23.603647 46.123421 0.000000 56.892871 51.258910 61.760574 62.303962 41.589042 62.279761 59.674767 0.000000 57.013411 60.325105 29.321506 50.853216 67.954982 56.019331 57.964166 
18 32.195628 24.790691 11.312785 12.203479 14.361582 17.071826 12.948940 35.288888 26.240050 56.892871 0.000000 13.007432 24.294134 18.872831 20.374433 19.881574 12.356784 0.000000 5.051201 21.270858 30.443947 10.386381 43.075359 22.311453 8.033659 
19 25.675252 20.727531 5.896250 11.005102 17.345279 22.282908 6.363470 28.741118 29.904652 51.258910 13.007432 0.000000 18.858357 14.899666 15.514851 14.575890 11.842025 0.000000 11.005873 16.059123 24.051961 8.339680 38.277337 14.581673 10.302703 
2 0.000000 0.000000 0.000000 0.000000 0.000000 0.000000 0.000000 0.000000 0.000000 0.000000 
20 15.439033 33.778222 18.367636 12.901536 20.004977 28.837183 15.929019 40.678226 38.987677 62.303962 18.872831 14.899666 9.924107 0.000000 29.461432 17.606908 9.025217 0.000000 17.194065 8.041998 33.528965 17.732080 43.218611 11.504922 12.981533 
21 39.722017 14.264120 14.083049 23.551998 23.739723 24.908054 14.997788 19.701881 29.010656 41.589042 20.374433 15.514851 32.032396 29.461432 0.000000 23.104300 24.607014 0.000000 19.593611 30.039355 21.113580 13.973553 40.847136 27.069512 22.530284 
22 28.742797 33.251174 17.013759 20.702621 13.985636 20.510373 17.482562 39.391362 42.544815 62.279761 19.881574 14.575890 21.188740 17.606908 23.104300 0.000000 15.527966 0.000000 17.402234 19.877540 37.069366 16.717167 8.018821 20.104451 17.831510 
23 22.030579 30.353435 14.373009 11.660680 12.989976 23.630000 11.334939 37.332937 35.250792 59.674767 12.356784 11.842025 15.950262 9.025217 24.607014 15.527966 0.000000 0.000000 11.094928 12.141822 31.568806 12.726203 43.346306 12.674225 7.833849 
24 0.000000 0.000000 0.000000 0.000000 0.000000 0.000000 0.000000 0.000000 0.000000 0.000000 0.000000 0.000000 0.000000 0.000000 0.000000 0.000000 0.000000 0.000000 0.000000 0.000000 0.000000 0.000000 0.000000 0.000000 0.000000 
3 0.000000 0.000000 0.000000 0.000000 0.000000 0.000000 0.000000 0.000000 0.000000 0.000000 
4 0.000000 0.000000 0.000000 0.000000 0.000000 0.000000 0.000000 0.000000 0.000000 0.000000 
5 0.000000 0.000000 0.000000 0.000000 0.000000 0.000000 0.000000 0.000000 0.000000 0.000000 
6 0.000000 0.000000 0.000000 0.000000 0.000000 0.000000 0.000000 0.000000 0.000000 0.000000 
7 0.000000 0.000000 0.000000 0.000000 0.000000 0.000000 0.000000 0.000000 0.000000 0.000000 
8 0.000000 0.000000 0.000000 0.000000 0.000000 0.000000 0.000000 0.000000 0.000000 0.000000 
9 0.000000 0.000000 0.000000 0.000000 0.000000 0.000000 0.000000 0.000000 0.000000 

ccc: 0.029991


ESTRATEGIA DE DISTANCIA MAXIMA
Clusteres Iniciales: 0 1 2 3 4 5 6 7 8 9 10 11 12 13 14 15 16 17 18 19 20 21 22 23 24 

  0 1 10 11 12 13 14 15 16 17 18 19 2 20 21 22 23 24 3 4 5 6 7 8 9 
0 0.000000 41.621436 29.334238 22.893482 32.690369 42.448918 27.189348 46.450165 47.218150 66.013294 32.195628 25.675252 18.047724 15.439033 39.722017 28.742797 22.030579 0.000000 30.021817 16.554823 38.047913 30.851679 49.379983 14.563109 24.848530 
1 41.621436 0.000000 18.465444 24.703846 33.539146 32.213563 20.493740 15.954397 19.156303 34.819854 24.790691 20.727531 36.185017 33.778222 14.264120 33.251174 30.353435 0.000000 24.691644 34.020496 14.332659 20.917730 43.214779 31.020545 26.108158 
10 29.334238 18.465444 0.000000 10.387561 17.558267 19.330544 8.961090 28.789788 26.874964 50.900427 11.312785 5.896250 23.634085 18.367636 14.083049 17.013759 14.373009 0.000000 8.500016 20.830363 24.508864 9.068033 36.095063 19.217288 10.342334 
11 22.893482 24.703846 10.387561 0.000000 20.305233 24.120915 13.176571 35.350279 27.862574 56.444247 12.203479 11.005102 20.186675 12.901536 23.551998 20.702621 11.660680 0.000000 9.910558 17.275019 27.946010 14.159531 40.163578 16.505921 6.449034 
12 32.690369 33.539146 17.558267 20.305233 0.000000 17.941590 16.932385 40.157842 39.459878 62.463870 14.361582 17.345279 25.417764 20.004977 23.739723 13.985636 12.989976 0.000000 12.757188 22.224754 37.256568 16.005144 42.156697 22.843906 15.634843 
13 42.448918 32.213563 19.330544 24.120915 17.941590 0.000000 23.839085 42.807043 35.569798 64.637755 17.071826 22.282908 34.084953 28.837183 24.908054 20.510373 23.630000 0.000000 16.365218 32.109701 41.657454 20.255644 34.813952 33.994612 21.006789 
14 27.189348 20.493740 8.961090 13.176571 16.932385 23.839085 0.000000 26.501404 29.805982 49.036852 12.948940 6.363470 19.207146 15.929019 14.997788 17.482562 11.334939 0.000000 12.011300 16.362440 21.851088 6.107261 40.619487 14.991482 11.834205 
15 46.450165 15.954397 28.789788 35.350279 40.157842 42.807043 26.501404 0.000000 32.249749 23.603647 35.288888 28.741118 41.084850 40.678226 19.701881 39.391362 37.332937 0.000000 35.150484 39.212873 12.379022 28.442434 50.431473 34.817442 35.966427 
16 47.218150 19.156303 26.874964 27.862574 39.459878 35.569798 29.805982 32.249749 0.000000 46.123421 26.240050 29.904652 42.258384 38.987677 29.010656 42.544815 35.250792 0.000000 28.258812 39.696971 27.257923 28.964831 52.457086 38.836908 28.994715 
17 66.013294 34.819854 50.900427 56.444247 62.463870 64.637755 49.036852 23.603647 46.123421 0.000000 56.892871 51.258910 61.760574 62.303962 41.589042 62.279761 59.674767 0.000000 57.013411 60.325105 29.321506 50.853216 67.954982 56.019331 57.964166 
18 32.195628 24.790691 11.312785 12.203479 14.361582 17.071826 12.948940 35.288888 26.240050 56.892871 0.000000 13.007432 24.294134 18.872831 20.374433 19.881574 12.356784 0.000000 5.051201 21.270858 30.443947 10.386381 43.075359 22.311453 8.033659 
