ESTRATEGIA DE DISTANCIA MINIMA
Clusteres Iniciales: 0 1 2 3 4 5 6 

  0 1 2 3 4 5 6 
0 0 41.6214 18.0477 30.0218 16.5548 38.0479 30.8517 
1 41.6214 0 36.185 24.6916 34.0205 14.3327 20.9177 
2 18.0477 36.185 0 23.8391 6.20885 34.0057 20.952 
3 30.0218 24.6916 23.8391 0 20.6447 30.289 10.4742 
4 16.5548 34.0205 6.20885 20.6447 0 32.0851 19.1848 
5 38.0479 14.3327 34.0057 30.289 32.0851 0 24.7549 
6 30.8517 20.9177 20.952 10.4742 19.1848 24.7549 0 

Nivel K = 1
Clusteres más proximos 4 y 2 (6.20885)
Entonces quedaria: 0 1 24 3 5 6 
  0 1 24 3 5 6 
0 0 41.6214 16.5548 30.0218 38.0479 30.8517 
1 41.6214 0 34.0205 24.6916 14.3327 20.9177 
24 16.5548 34.0205 0 20.6447 32.0851 19.1848 
3 30.0218 24.6916 20.6447 0 30.289 10.4742 
5 38.0479 14.3327 32.0851 30.289 0 24.7549 
6 30.8517 20.9177 19.1848 10.4742 24.7549 0 

Nivel K = 2
Clusteres más proximos 6 y 3 (10.4742)
Entonces quedaria: 0 1 24 36 5 
  0 1 24 36 5 
0 0 41.6214 16.5548 30.0218 38.0479 
1 41.6214 0 34.0205 20.9177 14.3327 
24 16.5548 34.0205 0 19.1848 32.0851 
36 30.0218 20.9177 19.1848 0 24.7549 
5 38.0479 14.3327 32.0851 24.7549 0 

Nivel K = 3
Clusteres más proximos 5 y 1 (14.3327)
Entonces quedaria: 0 15 24 36 
  0 15 24 36 
0 0 38.0479 16.5548 30.0218 
15 38.0479 0 32.0851 20.9177 
24 16.5548 32.0851 0 19.1848 
36 30.0218 20.9177 19.1848 0 

Nivel K = 4
Clusteres más proximos 24 y 0 (16.5548)
Entonces quedaria: 024 15 36 
  024 15 36 
024 0 32.0851 19.1848 
15 32.0851 0 20.9177 
36 19.1848 20.9177 0 

Nivel K = 5
Clusteres más proximos 024 y 36 (19.1848)
Entonces quedaria: 02436 15 
  02436 15 
02436 0 20.9177 
15 20.9177 0 

Nivel K = 6
Clusteres más proximos 02436 y 15 (20.9177)
Entonces quedaria: 0243615 
  0243615 
0243615 0 

ESTRATEGIA DE DISTANCIA MAXIMA
Clusteres Iniciales: 0 1 2 3 4 5 6 

  0 1 2 3 4 5 6 
0 0 41.6214 18.0477 30.0218 16.5548 38.0479 30.8517 
1 41.6214 0 36.185 24.6916 34.0205 14.3327 20.9177 
2 18.0477 36.185 0 23.8391 6.20885 34.0057 20.952 
3 30.0218 24.6916 23.8391 0 20.6447 30.289 10.4742 
4 16.5548 34.0205 6.20885 20.6447 0 32.0851 19.1848 
5 38.0479 14.3327 34.0057 30.289 32.0851 0 24.7549 
6 30.8517 20.9177 20.952 10.4742 19.1848 24.7549 0 

Nivel K = 1
Clusteres más proximos 4 y 2 (6.20885)
Entonces quedaria: 0 1 24 3 5 6 
  0 1 24 3 5 6 
0 0 41.6214 18.0477 30.0218 38.0479 30.8517 
1 41.6214 0 36.185 24.6916 14.3327 20.9177 
24 18.0477 36.185 0 23.8391 34.0057 20.952 
3 30.0218 24.6916 23.8391 0 30.289 10.4742 
5 38.0479 14.3327 34.0057 30.289 0 24.7549 
6 30.8517 20.9177 20.952 10.4742 24.7549 0 

Nivel K = 2
Clusteres más proximos 6 y 3 (10.4742)
Entonces quedaria: 0 1 24 36 5 
  0 1 24 36 5 
0 0 41.6214 18.0477 30.8517 38.0479 
1 41.6214 0 36.185 24.6916 14.3327 
24 18.0477 36.185 0 23.8391 34.0057 
36 30.8517 24.6916 23.8391 0 30.289 
5 38.0479 14.3327 34.0057 30.289 0 

Nivel K = 3
Clusteres más proximos 5 y 1 (14.3327)
Entonces quedaria: 0 15 24 36 
  0 15 24 36 
0 0 41.6214 18.0477 30.8517 
15 41.6214 0 36.185 30.289 
24 18.0477 36.185 0 23.8391 
36 30.8517 30.289 23.8391 0 

Nivel K = 4
Clusteres más proximos 24 y 0 (18.0477)
Entonces quedaria: 024 15 36 
  024 15 36 
024 0 41.6214 30.8517 
15 41.6214 0 30.289 
36 30.8517 30.289 0 

Nivel K = 5
Clusteres más proximos 36 y 15 (30.289)
Entonces quedaria: 024 1536 
  024 1536 
024 0 41.6214 
1536 41.6214 0 

Nivel K = 6
Clusteres más proximos 1536 y 024 (41.6214)
Entonces quedaria: 0241536 
  0241536 
0241536 0 

ESTRATEGIA DE DISTANCIA PONDERADA
Clusteres Iniciales: 0 1 2 3 4 5 6 

  0 1 2 3 4 5 6 
0 0 41.6214 18.0477 30.0218 16.5548 38.0479 30.8517 
1 41.6214 0 36.185 24.6916 34.0205 14.3327 20.9177 
2 18.0477 36.185 0 23.8391 6.20885 34.0057 20.952 
3 30.0218 24.6916 23.8391 0 20.6447 30.289 10.4742 
4 16.5548 34.0205 6.20885 20.6447 0 32.0851 19.1848 
5 38.0479 14.3327 34.0057 30.289 32.0851 0 24.7549 
6 30.8517 20.9177 20.952 10.4742 19.1848 24.7549 0 

Nivel K = 1
Clusteres más proximos 4 y 2 (6.20885)
Entonces quedaria: 0 1 24 3 5 6 
  0 1 24 3 5 6 
0 0 41.6214 17.3013 30.0218 38.0479 30.8517 
1 41.6214 0 35.1028 24.6916 14.3327 20.9177 
24 17.3013 35.1028 0 22.2419 33.0454 20.0684 
3 30.0218 24.6916 22.2419 0 30.289 10.4742 
5 38.0479 14.3327 33.0454 30.289 0 24.7549 
6 30.8517 20.9177 20.0684 10.4742 24.7549 0 

Nivel K = 2
Clusteres más proximos 6 y 3 (10.4742)
Entonces quedaria: 0 1 24 36 5 
  0 1 24 36 5 
0 0 41.6214 17.3013 30.4367 38.0479 
1 41.6214 0 35.1028 22.8047 14.3327 
24 17.3013 35.1028 0 21.1551 33.0454 
36 30.4367 22.8047 21.1551 0 27.5219 
5 38.0479 14.3327 33.0454 27.5219 0 

Nivel K = 3
Clusteres más proximos 5 y 1 (14.3327)
Entonces quedaria: 0 15 24 36 
  0 15 24 36 
0 0 39.8347 17.3013 30.4367 
15 39.8347 0 34.0741 25.1633 
24 17.3013 34.0741 0 21.1551 
36 30.4367 25.1633 21.1551 0 

Nivel K = 4
Clusteres más proximos 24 y 0 (17.3013)
Entonces quedaria: 024 15 36 
  024 15 36 
024 0 36.9544 25.7959 
15 36.9544 0 25.1633 
36 25.7959 25.1633 0 

Nivel K = 5
Clusteres más proximos 36 y 15 (25.1633)
Entonces quedaria: 024 1536 
  024 1536 
024 0 31.3752 
1536 31.3752 0 

Nivel K = 6
Clusteres más proximos 1536 y 024 (31.3752)
Entonces quedaria: 0241536 
  0241536 
0241536 0 

